
City: H
 Month: 4
time:  5.407195
timestamp: 24-06-2021-06-06-05
dataset: 3D

City: A
 Month: 8
time:  13.76057
timestamp: 24-06-2021-06-06-05
dataset: 3D

City: B
 Month: 5
time:  10.39398
timestamp: 24-06-2021-06-06-05
dataset: 3D

