
City: J
 Month: 5
time:  2.291166
timestamp: 24-24-2021-02-24-37
dataset: 5D

City: I
 Month: 5
time:  7.370954
timestamp: 24-24-2021-02-24-37
dataset: 5D

City: I
 Month: 4
time:  2.632761
timestamp: 24-24-2021-02-24-37
dataset: 5D

