


City: K
 Month: 5
time:  1.037062
timestamp: 26-26-2021-02-26-56
dataset: 3D

City: K
 Month: 5
time:  0.1991638
timestamp: 26-26-2021-02-26-56
dataset: 3D

City: K
 Month: 5
time:  0.1829948
timestamp: 26-26-2021-02-26-56
dataset: 3D

