
City: J
 Month: 4
time:  4.331762
timestamp: 24-43-2021-08-43-46
dataset: 5D

City: J
 Month: 4
time:  1.155701
timestamp: 24-43-2021-08-43-46
dataset: 5D

City: J
 Month: 4
time:  1.169921
timestamp: 24-43-2021-08-43-46
dataset: 5D

